4445.744 46.43333673477173 278.050329685 17.1397161484 1.9755651950836182
8941.019 93.92212390899658 557.967350483 34.988465786 3.809490203857422
13375.988 140.92085838317871 835.639560223 52.1361129284 5.564030647277832
17828.771 191.55723571777344 1102.70776033 69.4656248093 7.318314790725708
22339.774 239.0701699256897 1389.97364998 86.5773839951 8.984859943389893
26793.033 286.7996048927307 1652.5868392 104.85731411 10.602662324905396
31269.079 335.19742012023926 1936.40025854 120.915534973 12.267910242080688
35723.067 387.89859771728516 2190.37040949 140.174202919 13.958678483963013
40199.292 436.35956048965454 2498.93484831 154.802345991 15.517903804779053
44682.259 483.73218297958374 2832.30271816 175.911576033 17.17086625099182
